ΤΟ THE Nouus, 755

Beatus, 19, 94, 726. caliendrum, 416. 0111111111, 485.
Beer, 221. 568 01111, 499. 01111111, 812.

Belli, 652. Callidus, 538. 01111111, 25, 47, 98.
Β111011111729. 0111111111, 705. 0110 1111011111, 198.
Β1111101111,256. 01110111, 492. Crudum trahere, 466.
Β1111111, 183, 515, 587, 555. Calo, 401, 617. 011110, 828
-11111111112 Culpnmiugene, 721. 0110011, 376.
Benigne, 587, 591. calx, 615. cama, 11111111, 48.
Bibere, 185, 169, 259. Comelopurduiie, 675. Cave, 467.
-111110111 116. Camere, 485. 011111, 668.
Bidental, 729. 0111111111, 276, 885, 607. Curuo, 808.
Β1001111265. 0111011111 11111110, 882. 01 (11011110), 424.
Β110111111, 134. campestre, 607. Codrum, 728.
Bilinguie, 429. Campus Munius, 187, 882, 01111131, 465.
-111111, adjectiva in, 16, 21, 405, 640, 718. 0111111111.

118. 011111, 877. Celebris, 112.
Β11111111, 24. Condere, 528. 0111182.
Βίρε111111,469. candidatus, 454. ·— 01111111, 524.
Β111711, 468. 0111111111, 162, 307. 0111111111, 450.
Β1111111, 214. Canephoroe, 348, 588. 0111011, 898, 690.
Birthdnys, 246, 695. Cunero, 296, 488. 01111111, 725.

Β11 terve, 286. —-- indoctum, 688. 0111111111, 116.
Β11111111, 528. Cuniculo, 175. 011111111τί, 628.
Βο111111, 498. 011111, 409. 0111111111, 728.
Bone, 356. - Mejor, 175. Cepheus, 218.
{uxori 111331 ἶ (111111111111).101. Sirmi&
Βοο111111111,650. 01111110, 438. 0110510111, 878.
Βο11111111111, 698. 0111111111, 50. 0111111111, 418.
1101111, 552. Cantor, 712. Cereue, 86.
Βο11, 111011 of, 628 Capena Portu, 876. Cei-ritus, 486.
Βο11’1101111011,695. Caper, 299. Contere, 11111111 1111111, 504.
Brevis, 119, 494, 715. Capitulis, 408. Cortum vigilans, 512.
Brituiu, 76, 147, 154. Capitis diminutio, 157, 504 0111111 σαφής), 26.
Bronne, 866, 465. -— minor, 157. —- ‚ 591.
Β111111,516. 01111101, 88, 216. Cervioemfrungere,114.
Brutus, 75. Cupra, 575. 01111101, 688.
Β1001101, 480. Caprea, 496. 0011111, 506.
Bulla, 285, 884 547. Cupreoli, 496. 0111110122.
Buriul, 66, 819, 412. Capsa, 865, 482, 679, 724. 01111111, 551.
Β11111, 865, 679. 0111111111, 398 01111101, triumphuni, 297.
Β1111111111,146. captare, 508. cunta, 874, 463, 618, 666.
Captatur, 554. cheragra 551.
Caput, 55. 01111101, 805.
C. ---, 01111111, 5. 0111111111, 276.
—-- 0011111587. 0111011111721.
0111111678. Carbo, 484. 01111111 1, 581.
01111011, 114, 151. 01101111, 835, 615. Ch ' 11, 717 ,
Cadus, 29, 454 0111111111, 476. 01101111, 715, 716, 717.
0111111111111111, 120. 01111111807, 669. 0111110011661.
0111111111, 138, 198. Carnifex, 395. Cibaria, 828.
Caepio, 89. Carpere, 125. 528. Ciborium, 101.
Caeruleus, 812. Coniuges, 401, 607. 01111, 408, 719.
Caespes, 49, 121, 164. Cosilinum, 882. 0111111111, 888.
0111111, 245. Cnosius 61111111, 290. 0101111, 469.
0111511111 permut, 161. 0011111, 505. - 011111, 2.
calamus, 468, 668. 01111111, 600. 0111111,484,

Calatia, 382. 0111111, 465. 0110111111, 708.
Calceus, 358, 894 0111111, 265. 011160, 844.
0110110101, 899. 0111111, 685. Circus, 402, 548.
Calculus, 896. citellus, 485? 011111, 848.
011111498- 011111,115,166. 01111, 297.

802

 

