756 INDEX

0166666, 224. 066666460. 0666468616.
0166616, 841. 066166616,609. 061166666111709.
0166616 gens. 228. 06666666, 420. cultus, 490.
01666166, 292. 06686666, 161, 401. 06161166, 728
016666, 627. 0666666166, 62. cummim&
-66666116, 78. conjurare, 41. 06616666, 647.
Cleopatra, 82, 84488. 0666661661, 164. eumque, 71.
01166666, 128. 06666166, 298. 066666, 78
6666681666, 228, 298. 06666166, 846, 680. 0666666666, 67.
0666666, 400, 609. conscripti, 728. 066166122. 881.
0666 vestu, 262. consilium proprium, 874 0661666, 718.
0661666166 of 766616, 160, consors, 201. 06616 omnin quo 616418

168, 276, 884, 410, 416, 066661, 248. cur, 72, 696.

472, 488. consulere, 479. Curare, 606.
Coena 66616 466 consultus, 74. - 666666, 666
-6666166464 contendam, 187, 601. -666666662671
0661166616 666. 06666666666, 140. --—, with infinitivo. 718.
06666666166666666666166, 06666666, 129. cantolu. 667.

482, 672. 0666666666, 676, 687, 688. ,
0666661666 Boream, 121. contrahere, 804. ’
coam 182, 477. Conventus, 409.
0661166666, 661. 0666666661οωί616666, 418,
06666666, 468, 621. 419, 422.
cognitor, 608. Conversus, 818.
Cohibete, 182, 178. 06616 narium. 120.
066666, 409, 688, 696. Gom, 26.
Colligam, 806. 0666666411.
0611661616879. 0666120.
0616666, 77,118, 128, 467. Cornu, 6, 807, 464
06166, 888. -666166 46268.
colum, 497. 066666, 194.
columbus, 8, 698. Corona. 640, 726.
columna, 726. 0666666 6661166, 86.
-1166616,884 (lombar, 821, 669.
0666666, 721. 06666666, 486.
-ι--, 016, 1116616, and 0661ςί66, 894.

1166, 962. 06666666, 676.

--μ Nm, affl· comfl, Q 885· Do
066666, 409, 694 cothurnus, 678, 706.
comitium, 629. 0666666661666 68278, 274, 11661, 186, 268.
0661166661, 218. 621, 698, 616. numa, 9.
Commodus, 189, 288. Omnes, 468, 644. umatus, 471.
Common 66666, 869. 0666616166 (11), 220. 1166666166, 188.
Commotus, 488. Oramus, 116, 146168, 268, 11666166, 118180.
Communia, 710. 811. nm, 666 in conponit.
communiamus, 868. Grates, 848. 479, 687. “
compellam, 488. 6661666761. —verbs 849. .
0666661166, 689. Crediderim, 114. native, 4 66, 61, 212 219, ἶ
6666666666. 66666616. 666, 666166, 661, 66 1
compes, 78, 247. Oropum, 460, 698. 607. 718
compita, 468, 488, 620. crepida, 868. 1166, 6166666166 66 m
0666666616, 409. 0666166666, 720. 11666, 16616, 80.
066, 16666666666, 222. creta, 86464, 484. 116(6866),617,642

Conventus, 817. critici, 661. - media 666661483.
0666111666, 222. 066666498666. - intensive). 827.

concedere, 864. Cretan 6166, 81. -Ξ166616616, mm
Conclave, 624. 0666, 206. -, 6666666661ῑί66, 21.

Concludere, 867. crumena, 686. 116661, 441.
Conantem, 860. cmx, 864, 629. 11666666666,121.
Condere diem. 282. Cubare, 44, 419, 487, ffl'l. nmmvinto. 666.
6311168601ῗὲ)’626962666 6166116 661.ἕῇ sffi‘} 166

 

