760 INDEX

w„ ²⁶³ ω’ ⁵⁸³· 166212 ⁹⁴ iffi„ 1.
1111211121, 122, 216. 1211111, 210. 121, 226, 628, 706.
1122112112 181. Institor, 161, 926. - in, 111112101121101 ’
1122111121, 166, 201, 219, 1212112 divite, 210. - (11211), 1121
111112 112112212-2111112111
1111222 11, 629, 710. huminum, 111. -211111111212212
In, wl, 84²· *³ printmn, qoe·
- ..,111111, 116, 712. 12121, 661. - 1112111111ᾱί, 221. ³
222127. , 1211111, 268.
’112 712. ’ , 11111111, 52126. ,
12222271 11112111. ’
12111121, 202. ” . «12122111, 718
121212172, 811. “ sumis, 12, 177, 696 J
1212111,191.’ . sumtu, 68. ’
12121111, 229. “ .
121112111, 199.
12111121, 112, 111.
12111211, 617.
12111121, 102.
12112111, 211.
111111, 169.
1111122111, 171. 607.
12112121112 671. 12111111, 702.
111116111111, 611. Ῑο 1112212111, 222.
1111122112 257, 217. 112121. 299.
12121111, 616. 1111, 21, 696.
11122111, 17. 112152615, 712.
12111111, 228. “ 1121112, 26, 122
Indi. 26. 11112, 89.
12111, 62. 112, 6.
hm& 126, 160, 950,·
11112211,167,669.1.
12121111 111121222217.
1211111, 228. J 211111, 172.
12212111, 2861112112122. 111111 11122112, 191.
1 2221122262. 1112112111. 1111222117.
1271112166. -212262160,669.12211 .
12112112177. 11221, 102166.
Infans, 60662111, 227,271,122, 187. “
1162111111, 606. 11111, 11, 681. ”
Infinitive, 2, 6, 22, 76, 126212161111, 126.
168, 192, 269, 801, 212, 121111, 111112112112112 une· lamia). 411. 721
261266, 629, 622,,667 1112272. 11111121122626.
662688. 1211201212266. , 1111212η196.
1211111121, (11121, 10, 18. — Restituta, 266. 12222122, 266.
Ingenium, 111. 1.111.111112111,121 1281112111.
hffim 161, 291, 618, 1212ᾒῆ321111, ,272 1122211ιῷ2, 276, ⁴¹3&
1112111111, 628. Jug'g 516. 11211121, ⁶399*
121, 928. J' 2121, 260, 509. Ι.1“1111111,102.
1121111112 271. Julius 011ι1, (7., 7, 112, 11111111 tect& 122.
ffimffie, 269. 296. . ‚ 1112211121, 122.
1221, 276.
1226116.

1221121· mssgir ,201 121111111121111ι160.
1111111112, 1111111172. --21,11121719. ῧω11611211111Μ26744ὃ,ὅθι

12121111, 212. - -1212121211, 668. 111121, 167, 177.
1211111111121, 616. 12111211111112, 209. -ὼΐῢιθῦίλθθί

 

