768 INDEX

mmmm 1766666916.
uetus, 466

116] . 1166616 160, 980, 721.
Τῶξξῗῶῗ, 247, 600. 17666, 466, 621, 696, 692.

Urbanus, 697, 621.
1161166666, 976. 1166666, 702.
111666, 682. 7666618602.
11166616, 444.

⁸ Ι Urgum, 129, 242.
7116661661, 871.

umens, 728. 7117165711.
Qmss'bm Um. 99, mmm

. Um Minor, 218.
1111166616, 189. nrum, 609.
11166616, 199. Usque, 216, 699.
1116616, 427. 116666616692.
11161666, 292, 818. 176666, 664.

1116166661 6666666166, 222. Usus, 109, 966, 609, 690,
Triumphum 144. 694.

1116616666, 229, 297. 176, 209. 229, 271, 278, 299.
11166666ξί)ις 666116166, 289. 920, 967, 969, 991, 996,

um 16. -4136711 676, 314.
1166166616, ἐξ.. 460, 726. -— following 66 adjective,

819, 999, 476, 622, 627,
11661οι66, 610.

11666166666, 662. 6 6666, 688.
11606476. -6666661, 418. ·
1166166, 964, 660. -(66ιὶ6660), 272, 999.
11, 619, 629664. -666166,622.

11666, 604.

Utilitas, 966.
176ἐ66166-66, 271, 484,
06666666, 622.

1761066, 192.

11666166, 10.

1106. 6. .

16666661 , 690, 696.
Tumultus, 1 7.

166166, 940.
1116166666, 691.

'Ru-bo, 916.

716066, 609, 622.
'rumim-lamo, 729.
Turris. 666.

ms, 616.

Tutela, 296, 607, 660, 667. 7.

Tutor, 649.
11666474. 76666866, 21, 607, 689, 626.

61117666.. mu, 445, 661 66.
76066, 926.

481, 666, 671.
’166666666170 gffimfflmssmmm
66, .
Vagae 6666, 226.
Vagus, 499, 710.
- θωπί. 621.
17. 76166, 76, 927.
’ Valeria, 419.
mum, 996. 761666, 624.
111666, 229, 966, 409, 442, 76666, 280.
486, 606, 611, 629, 690. vappa 8³4, 978.
Ulyssem 212. Varus, 962468.
1766111666, 907. 76666, 669.
Umbra, 640, 676, 690. 76, 604
1766661, 729. 76661661, 199, 189, 466.
17606, 98, 208, 992, 466, 7666666166, 409, 621, 672.
617. 766666, 214.
- domo, 690. 761, 274, 604.

Undergirding, 99. 76116, 696.

76116166, 240.

7666666, 691.

7666, 128. .
venabulum, 689. ’
766611616πί1, 689.
7666116, 176, 929, 689.
7660666, 666.

Venenum, m.

76661661, 266, 468, 616.
766661, 820.

76616666, 679.

76666, 11, 14.

—-· 111166), 617.
— 666661661101.
Rfflfifflfl’ 1486419
7666616, 148, 241.
7666111066, 946.
766660666, 121.

Verbo, jurum 16, 648.
- due, 949.

- nominaque, 966.
766661 must, 662.
7666666, 49, 246.
Verborum 66116ιὸ6, 618
1766666066, 689.
Vm, 967, 966.

verm, 216 666
766616, 482.

766666, 212.

Vm 77. 717. '
766666, 106, 119, 247.
7666 01661411 664
Vennum. 927.
vespertinus, 914
7666106666, 412.

ve& of 611666 amum,
76616, 114.

76666166, 666616 of, 999.
766666, 478.

76666666, 696.

7666166, 179, 262.

716 46616, 606. ss

- 11666666, 402 419.
7166166, 696, 684
71666166, 691.

7166, 264

766666, 919, 427, m
7666. um.

7166666, 198.

71666616, 641.

71666, 694.

- 16666666, 660, 679.
Videor, 88.

710666, 292.

76116, 622.

16111666, 7111666, 616.
7166616, 641.

7166616, 846, 967, 481.

 

