Deelsmetion, 580.
1)111111ιι11,666.
Dedere, 156.
Dedioure, 69.
11111ιὸ1111, 499, 476, 676,
Defendsre, 44, 427, 716.
Dellngere, 466.
6111111111, 426.
Defuudere, 454.
Deiotarus, 266.
1111111111, 927.
6111151111, 669.
Deleuire, 169.
Deliberatur, 84.
Delirare, 616.
6111511111, 707.
6111511111, 158.
Dominus, 662.
Democritus, 577.

6111111611111114261.

61111111, 629.
61115111 166.
Denique, 886.
6111111111615.
61111111, 65.
Derisor, 667, 728.
Deseruere. 192. 597.
Desertor, 564
61111111. 574
Desiguutor, 587.
Desiluere, 471.

ΤΟ THE NOTES.

6161116111, 464, 672
Diffusus, 61111111, 262
61111511, 182, 625.
Dignus, 196, 568.
-,11151111 infinitivum.
6111111111, 118,142, 166,

Dii Inferi, 669.
--Μ1111,669.
61111111, 252.
6111511, 466.
6111611111, 649.
6111116111, 587.
Dimittes, 592.
61111111,687.
Diogenes, 692.
61111111, 645.
Dionysus, 64. ·
611111111464, 127.
61111, 29.

61111111, 519.
61111290.

61111, 111, 229.
Discere, 161.
Discolor, 667.
6111111111, 557.
6111115111, 115.
6111111511, 115, 767.
Discus, 450.

6111111, nomes 11, 449.
611111, 296.
6111111111. orl. 587.
611511111615111111, 261.
6115111511, 167.

Destringere, distringere, 6111111111676.

61111111, 466.
6111111511, 5.
Deversorium, 626.
Devius, 116.

Dexter, 207.

Dextro tempore, 440.

61116611111111616,4,60,
115, 167, 155, 165, 261,
262, 622, 466, 442, 456,

672, 687, 600, 612.
Dione, 159, 194.
611111. 617.
moe-box, 527.
611111, 101.

6111111, 666, 466, 470, 556,

638. 668.
616111, 464.
Diem frangere, 106.
Dies, 42, 604.
·-· «11111487.
6111, 1111151, 114.
Diespiter, 75, 142.
Differre, 299. 718.
1116616116676. 683·
6161161111, 446.
61611111, 79, 214.

Dividere 11111111, 41.

61116111, 684.

Divinus, 206, 717.

61111, 140, 709.

611111, 161, 705, 721.

611511, 264

Doctus, 6, 666, 668.

6111, 5111111111, 584.

-, 1115111, 524.

611111, 678.

Dolore, 229.

Dolus, 400.

--, 111111155111116.

Domino, 112.

Domus, 67.

—, 61511111, 599.

Dos 199, 945.

Drsohms, 529, 562.

Dragmos 529.

611111 1111111, 566.

611161 256.

611161206.

Dubius, 457.

Ducere, 145, 147, 226, 264,
607, 460, 521. 662, 665.

611111, 625, 708.

Dum (11111511), 687.

757

Duplex 6111, 458
Dure, 664.

Durus, 111, 196, 596.
Dux, 144.

6111111, 661.

lt

11, ur composition, 21.

Iiugle, 226.

1111·- rr-ug, 482.

6115111111, 404

lieet, trude 11 tho, 967, 577.

Ebrius, 86.

Ebur, 675.

61111111, 406, 542.

Delio, 66, 50.

61111151611, 721.

611116, 642.

11611111, 646.

Edictum, 259, 456.

lilim. 279.

6611111111, 468.

1161115111 11 Romen 5111,
8911, 699, tffl, 726.

effluis 1111151, 675.
1611111111, 575.
6111111219.

111111, 65., 14.

illudere 662.

1111511, 492.
{ltfiuffiiffl
1111111

1611111111, 564.
111
Euolosures, iffi.

Enim, 564

1111111, 144.

11111111, 269.

6111111111 818.
611111111111145182490.
61155111, 8, 188, 142, 254.
16111111471.

liquos, 286, 874.
6111151111 fortune, 725.
liqui 11111, 408.
Equitare, 229.

Equites, 529, 556.
1111111, 221. mque,

 

