A.

45 (ester), 317.
455555, 393, 449.
Abdere, 150.

451, 695.

4511111553, 22, 37, 111, 116,
154, 155, 254, 270, 275.
366, 533.

45156555, 489.

455551515, 449.

455115, 633.

4511555555, 433.

45555555, 511

45, 329, 432.

Acastus. 162.

Acceptum referre, 677.

45555155, 267, 670.

4555551115, 253, 312, 357,
463, 512, 535, 574.

4555555, 661.

Acelum. 410.

45511155, 305. “

45155555, 61.

4511155555, 453.

455555555515, 16.

Actiaci Ludi, 51.

Aelium, 83, 269, 295.

--, Apollo of, 265.

Acten, 638, 713.

4551555, 433, 635.

45515 55111, 230.

455155 morbus, 476.

Ad 5551551, 593.

Ad Novae, 332.

Addere, 150, 634.

45615555, 513.

43355555. 575.

45555, 421.

4114555155 enni, 247.

ΤΟ THE NOTES.

41155, 523.

455555, 229.
44555551, 334.
4455515555, 145, 645.
Adversarius, 424.
Adversus, 430.
4615511155, 326.
4651155551, 313.
Adultery, 345, 530.
41155555, 333, 337.
4565551, 593.

Aedes, 430.

Aedituus, 676.
451155 Gallus, 66, 76, 117.
Aemilia, 394.
465555, 147, 477, 553.
455155, 14.
45555155, 659.
Aeque 51, 203.

-“ (mm), 550·
4555, 399.

Aerugo, 372.

455 alienum, 633.
- proprium, 633.
45555155155, 350.
455155555, 53.
Aestus, 561.

Aetne, 651.
4515551155, 253.
Aetne. 13.

455551, 15, 567.
4115555, 465.

1555515. 51111512. 514 Aen· ⁴

492, 523.
4111555155, 713.
41115155, 421.
4111515551, 577.
4551111555 555155, 430.

Adolescens, 12.

411, 649.

41551, 454.

Albe 115515 615, 630.
Album Jndieum. 373.
Albunea, 659.

4155551, 37, 71, 300.

Alcman, 707.

Alea, 201.

Alex, 493.

Alexander, 133, 302, 657.

4151555515, 202.

Alius, 430. 677.

meme&

411555, 150, 236, 263.

Alte 8515115, 413.

41155, 49.

ὦ, 521455515355, 653.

4111155, 539.

41155174. 233.

41515555, 186, 196.

Alete, 394.

Amalthea, 162.

451555, 112.

Amne, 57.

emtor, 551.

45155355 503.

Ambitio, 366. 396. 434.

41551115555, 31.

4155555155, 337.

Ambulare, 369.

415155 551515 ‹ln-e, 237.

emita. 376.

41555555, 625.

41555, 349.

Amphiaraus, 131.

Amphora, 29, 92165, 541,
691, 702.

Amplius, 330.

Ampulla, 561703

4551115, 154.
laone, 247.
4111111156

1155555455

35

 

