766. INDEX

1 9411181. 904414, 723. sinamus&
94114440, 122, 349. 9041144114οΜ. -,444464406349,403
Sallustius, 39, 90. · 944414400004114, 626. ’-- ,mlo of. 496
9441104114, 196. Senectus, 305. 94411449444444104 ou 91.
Saliare, 522. Senex, 441, 662. Ρ441’4 voyage, 39.
-—- (401140), 334. Senium, 724 Soccus &W 979. 735.
94110099, 000. transmaro. smlwar 444 t
9414414404 411444, 570. 90444, 40414 of, 169. 9001411144. 719.

94141440, 401. 90444411, 132. 900144, 201.

9014414110, 581. 9041ὶωί4462. 90044140,116,ὅ1.491.643
9440144, 353, 445, 653, 671. 9044106444, 413. 90344, 626. 1
sandapila, 412, 679. 90404, 67. Septi, 95.

9444, 591. Seri studiorum, 423. 90131003 distin-ge, 325
94444400. Sermo, 367, 463. 90134411, 125 ·
94 prens, 193, 440. 9444041, 267, 350. 90104, 353, 614
944144114, 74. Sertorius, 311, 660.

9444140, 275, 707 Serus, 172.

9444434044. 402. 90444, 463,

9411444 q,ue 272, 317. 904444629.

941444 itaq 201, 463, 526. 9440414οᾶ94 703. 90104, Ι719, 720, 727.
9414410 Drama, 717. Sestertium, 503, 634, 693. Solvere, 53135.

Savium, 230. 944104, 566. 9044444, 318, m

9440, 332. Settling 3444, 276. 9014414444, 368.
9041104, 609, 723 9440140144, 331. 90444 at 440414 mo, 313
9044444451. Sextilis, 536. Sophocles, 431.
9044444, 352. 914444, 93. Sors. 29. 232, 325.
9014014, 370. 91044, 590. Sortito. 232.

901044 with 4404411140, 166 91441404, 63. Smper, 265.

90111001, 510, 596. 91, 214, 510 513537. Spain, 147, 160.
90143044, 4. - omitted, 437. 94441444, 25.

901410, 143, 239, 297. Siby 11140 books, 261, 659 94411014.Ἁί

90014, 499. 91014, 458, 433, 510, 592, spatiari, 477.

Scopa, 499. 712. Spelongmm
900444, 233. - babet, 422. ’

Scriba, 330, 503, 519, 595. - 1044444, 109. speum 990. 711, 721
Scribere, 469. 910044, 632. S 40044, 202

Scrinium, 365, 652, 663. 910111444159. 9444034 1101440114, 663
90414104, 724. Sicyon, 533.

Semta, 591. Sidus, 139, 230, 309.

Scurra 440, 432. 9141114, 694 .

90444404, 632, 637. Signum, 491, 519, 640, 676. ’ .

9041104, 357. Silenus, 301. piram, .

9041141444, 49, 77. 9111444, 669. 9414431344, 237, 475
9041414444, 519. Silua, 54 Spondere, 637, 723.
900440, 427. Silvanus, 194. Sponsor, 513636.
9404004141. Simius, 427. Sportula, 123.

stetis unguibus, 40. 9140414449491705. simam.

90044304 agere, 10444, 421. —- 01 Amorgus, 706. 9444044, 504

Secundus, 33, 544. Simplex, 102, 353. 9041114, 497, 541.
Securitas 4461104, 73. Simul, 20, 29, 174, 301, St. 11441376

903, 442. 339. 9141414411, 328.

—- (41144 digression), 327. 91400444, 352. 91440 34440, 120.

eedem, reducere 14, 305. Singulru· number, 66. Stagna, 120.

Sedere, 634. singultim, 397. 914144, 633.

Sedula nutrix. 709. sinistrorsum, 297. 9144344414 26.

9434411144, 679. Siqua, 173. 91444, 28. 411. ⁶7³·
9014144175. Situs, 215. stastum, 711. 712
Seli-control. 577. 9140 omitted. 15, 23, 149, Stator, 677.

9363010400, 443. 209. 9141041, 354

Sella 0444114, 582. 914404, 450, 521, 529, 535, 9141144, his 1144044411Μο
90441264 64969419.

Seme10,190. -- ,044411414415 914144, 678.

 

